48.88
58.284
62.632
77.152
84.46
84.496
78.412
51.612
60.38
50.548
51.648
73.46
59.088
84.116
177.38
192.804
196.3
171.408
147.788
131.2
57.128
55.88
60.128
65.5
74.836
86.468
97.796
81.584
84.784
89.18
93.216
97.492
110.16
93.552
98.968
87.248
36.596
51.58
57.884
128.616
84.656
93.936
117.348
146.428
98.876
136.692
136.788
78.56
85.66
100.58
110.252
140.772
94.784
144.832
97.216
158.656
152.292
158.992
124.776
93.628
65.084
130.3
98.188
135.956
51.356
49.976
47.928
42.412
41.004
29.372
23.132
23.024
23.196
23.62
23.612
23.84
24.108
23.712
76.372
54.616
85.952
78.188
80.164
83.208
87.84
98.94
85.164
53.096
38.076
34.836
25.232
43.02
35.58
84.464
90.752
90.396
99.924
99.652
93.16
106.824
135.264
145.036
134.128
133.288
163.392
180.04
128.872
125.888
62.68
99.316
172.984
167.924
157.748
147.332
209.876
196.864
204.672
233.508
272.772
256.124
278.872
299.052
305.212
321.64
322.028
251.32
117.68
107.752
168.668
107.12
156.052
95.96
24.84
69.472
107.0
110.428
398.136
336.78
258.916
130.436
81.516
87.2
103.648
107.704
101.416
99.748
91.764
71.268
43.728
64.168
73.396
75.784
66.388
69.404
70.68
88.32
118.548
147.856
181.412
169.336
141.096
110.24
43.264
43.12
44.12
44.452
45.424
47.068
45.468
45.864
46.336
113.352
260.356
237.104
282.716
267.256
263.476
254.856
250.072
265.26
212.204
214.076
216.136
310.996
290.736
252.52
204.956
199.052
132.148
102.42
135.552
103.216
149.94
139.848
98.0
72.524
123.192
137.204
124.22
88.796
64.208
59.244
219.688
142.844
173.644
194.32
207.0
210.676
241.712
237.412
216.72
233.68
239.608
226.788
215.9
237.02
239.74
246.7
256.12
192.584
118.776
91.788
65.372
75.3
163.972
174.008
177.564
207.772
222.62
266.148
312.456
319.336
326.452
348.152
297.32
279.448
250.924
236.368
238.312
199.04
188.216
186.5
187.796
200.44
207.732
194.264
194.476
193.692
223.692
273.324
208.64
174.864
185.78
150.44
92.896
91.36
86.876
100.112
140.084
147.012
205.3
205.38
204.652
199.32
183.924
279.62
163.056
231.916
220.384
247.02
290.828
228.604
222.66
208.496
260.292
253.52
118.312
137.288
199.696
198.436
162.392
173.312
216.904
149.444
71.448
139.08
123.452
114.076
85.36
96.68
99.168
102.224
143.328
196.148
199.244
174.424
209.172
184.672
175.688
180.788
