29.852
36.636
43.308
54.068
60.108
56.788
55.072
36.016
42.852
36.08
36.32
46.812
37.74
47.28
100.476
112.896
116.776
114.344
97.892
89.108
33.824
34.776
37.188
40.812
45.704
51.592
58.308
48.368
49.416
52.896
51.936
52.204
58.308
48.7
52.352
50.096
26.184
34.528
39.356
83.884
58.544
65.928
80.06
96.56
68.576
94.252
88.524
55.156
65.436
74.376
72.676
96.576
67.364
97.664
69.22
95.992
94.548
102.452
87.34
63.112
42.496
84.464
72.12
92.976
32.928
31.248
30.108
28.38
26.26
19.972
15.956
16.076
16.06
16.244
16.424
16.2
16.5
16.384
52.104
38.58
59.176
54.732
58.324
57.0
58.812
69.256
58.184
34.036
23.272
22.572
17.372
28.492
23.872
51.084
56.016
53.456
57.912
57.084
58.428
71.24
83.42
92.836
85.732
80.024
100.008
112.944
78.152
73.592
38.52
53.288
89.608
83.736
75.06
69.732
105.312
100.56
105.14
121.472
146.884
149.516
162.924
173.288
174.424
180.376
171.752
141.376
78.5
72.2
106.292
73.596
101.38
64.424
17.58
46.62
72.02
74.676
181.38
156.964
124.996
75.368
51.076
52.716
59.588
60.252
56.928
58.224
54.288
43.364
29.908
42.4
48.816
44.232
36.556
42.504
44.344
54.92
72.524
90.292
111.444
101.856
84.72
66.324
22.98
23.076
23.528
23.272
23.968
24.836
24.328
24.88
24.62
63.488
147.316
134.74
162.424
154.512
152.364
148.216
145.372
157.24
129.212
130.468
131.924
189.48
190.008
169.504
137.228
131.668
91.156
66.076
77.644
61.34
89.208
95.944
69.584
52.452
67.916
71.72
64.776
51.96
41.128
37.644
133.564
70.108
93.064
117.556
118.732
120.932
142.568
141.776
127.964
135.904
137.736
133.536
126.392
132.004
131.172
135.156
140.724
115.036
78.984
62.04
42.664
46.952
88.044
94.256
95.276
116.6
125.268
156.104
180.384
184.548
186.436
203.928
177.272
164.308
151.924
143.344
143.308
122.3
115.336
113.772
115.964
123.94
127.492
119.056
118.388
123.18
149.768
182.62
135.224
101.184
103.748
87.296
62.216
62.264
58.86
68.588
95.012
93.684
133.496
133.688
135.728
126.884
112.124
182.908
107.824
140.432
133.492
150.072
178.236
147.244
142.452
132.852
162.892
156.22
80.668
84.188
109.84
117.968
97.708
111.932
140.612
97.72
46.18
92.068
81.208
73.88
54.108
58.904
62.692
67.876
81.996
109.008
116.856
117.916
135.448
115.012
111.996
111.952
