14.224
19.236
23.476
30.288
32.088
31.204
32.1
20.904
26.632
20.044
20.328
22.416
17.248
18.72
38.724
44.54
50.372
60.236
49.4
50.028
15.32
13.328
15.488
17.176
19.78
22.284
24.112
20.124
20.292
23.108
22.14
22.68
25.428
18.708
20.288
21.46
15.536
19.112
21.828
45.556
34.368
39.504
45.284
49.036
38.676
52.876
46.492
33.208
42.4
45.008
38.688
52.4
38.308
51.824
39.048
41.824
43.088
49.316
49.024
36.224
23.392
41.968
43.02
52.944
18.02
16.732
15.852
15.22
14.424
11.916
9.8
10.156
9.904
9.744
9.92
10.272
9.94
10.036
27.852
22.032
34.152
32.052
35.312
33.144
29.82
38.504
32.112
17.224
12.788
12.744
10.328
14.384
12.828
23.836
24.644
23.076
24.064
25.74
29.276
37.336
39.968
47.208
42.716
35.656
47.008
53.344
35.404
33.212
20.792
19.34
27.936
26.136
23.584
23.56
31.744
30.816
31.044
37.612
46.548
49.484
55.804
57.776
56.732
57.284
54.728
50.904
43.412
37.808
52.264
42.904
52.952
35.972
11.388
24.932
39.456
40.304
37.252
35.24
32.2
29.236
23.444
23.264
22.516
21.992
23.916
25.332
24.232
19.508
16.796
22.876
25.428
19.528
15.556
21.24
22.048
26.828
36.66
42.056
51.284
48.148
40.112
33.744
11.176
11.388
11.412
11.508
11.608
11.792
11.876
11.888
11.62
26.712
56.192
51.372
64.152
62.968
63.468
63.344
61.336
68.844
55.44
53.968
55.136
77.048
96.416
90.14
73.464
73.228
48.42
33.512
34.032
21.8
35.34
50.88
38.548
29.596
28.452
26.248
24.164
22.148
20.328
20.34
63.512
21.104
34.88
52.436
49.184
50.74
61.432
61.008
56.2
57.452
58.844
59.368
56.792
50.344
46.02
47.116
49.24
50.396
47.128
36.388
23.648
27.172
32.204
32.32
34.348
43.004
47.12
59.428
63.668
64.668
65.896
73.764
70.74
72.728
69.336
65.204
66.348
58.188
55.816
55.04
55.076
58.22
60.096
54.8
53.292
60.192
78.852
92.664
68.544
39.188
36.428
36.204
32.708
34.572
32.244
38.652
52.752
46.54
68.432
69.64
63.036
59.296
52.496
92.432
57.888
62.456
61.116
69.024
79.996
65.58
61.844
57.548
70.656
71.072
43.208
39.924
42.048
52.02
43.368
53.248
66.844
48.056
23.384
46.832
40.956
39.152
27.848
27.316
29.844
36.44
32.0
40.588
48.888
64.32
64.628
49.088
48.596
47.86
