78.552
91.58
94.14
111.82
126.44
122.5
113.432
75.036
89.924
73.568
76.424
118.02
98.74
146.476
304.544
329.004
325.616
260.132
227.352
204.492
92.072
94.392
101.172
111.784
131.26
149.412
171.332
146.776
150.316
164.148
177.944
189.54
206.424
162.788
171.608
145.416
52.548
77.96
85.792
205.82
131.616
138.012
179.608
228.064
146.628
201.18
214.532
117.316
123.764
143.24
176.364
211.68
143.864
220.232
142.88
256.404
245.264
249.228
184.004
143.344
104.46
202.956
140.112
204.928
85.284
85.124
80.888
73.54
70.272
46.828
37.208
37.172
37.28
37.996
38.616
38.48
39.108
38.864
117.596
81.652
129.628
118.796
119.44
124.576
133.028
146.024
130.3
86.916
60.276
54.008
38.74
68.024
56.356
142.608
152.2
152.296
173.656
169.284
148.472
165.836
219.38
228.736
214.848
219.16
267.752
291.364
218.368
219.936
104.372
176.432
306.192
299.816
282.028
266.484
384.06
356.388
372.732
430.524
491.6
453.66
499.68
531.18
547.596
578.488
582.052
439.08
180.684
166.356
265.672
163.92
243.776
147.052
36.316
106.316
160.148
169.092
750.18
643.668
500.196
223.124
129.332
142.608
174.524
189.86
178.472
173.148
161.956
125.02
67.724
99.304
117.632
125.292
107.092
112.424
115.776
143.704
195.592
244.416
299.656
279.116
236.676
186.6
72.884
73.716
76.004
77.596
80.148
80.396
79.668
81.664
82.8
200.132
443.056
408.22
486.432
464.792
456.84
441.788
433.064
439.272
349.872
352.388
354.76
504.324
448.112
378.796
312.032
301.86
198.792
160.956
229.084
171.552
244.404
211.648
143.512
107.508
218.508
257.1
234.82
154.76
106.084
100.26
368.74
273.664
310.508
322.088
358.648
363.508
406.192
397.72
365.984
394.1
405.716
384.66
367.568
404.42
407.02
417.276
431.852
318.14
184.36
142.852
101.8
117.424
301.116
329.18
333.624
360.152
385.816
455.6
535.024
551.98
563.172
598.004
498.7
468.312
411.744
390.716
392.856
327.44
309.392
306.204
309.176
324.844
335.0
314.356
320.076
306.092
343.252
413.908
324.328
299.612
321.272
247.488
142.472
140.592
135.632
150.656
210.184
233.688
329.756
327.528
325.5
322.8
303.868
436.832
255.236
374.404
358.368
406.016
472.976
361.936
352.444
332.148
419.656
410.352
184.348
227.624
347.644
331.108
266.58
271.968
341.068
237.284
111.592
213.228
191.28
182.944
135.044
155.124
152.452
155.688
248.892
346.688
338.756
267.5
332.008
304.064
283.16
290.048
