3518.28
3617.684
3180.36
3366.504
3762.944
3556.572
3533.04
3006.136
2899.736
3105.556
3169.628
3683.96
3618.736
4027.08
5371.66
5511.39
5406.55
4372.14
4149.072
4122.48
3919.108
4105.668
4246.752
4377.824
4713.664
4887.632
5223.65
5096.9
5031.395
5155.81
5214.86
5138.41
5175.77
4284.772
4429.008
3755.28
2092.44
2625.616
2727.104
4228.452
3800.996
3265.776
3966.572
4695.92
3883.58
3796.608
3551.06
3322.952
3178.388
3487.092
4048.468
4061.236
3528.968
4098.344
3118.364
4297.908
4434.108
4838.484
3897.532
3598.752
3525.452
3883.232
3697.044
4046.32
3792.812
3729.572
3567.568
3330.192
3266.468
2540.292
2231.584
2231.936
2286.436
2303.556
2333.184
2246.236
2320.34
2330.292
2569.676
2508.156
3022.432
3354.256
3211.916
2909.264
2964.036
2923.312
3126.756
2743.424
2117.644
1872.044
1532.088
1951.84
1796.656
4907.02
5110.83
5061.02
5114.65
4363.42
3676.152
3782.128
4700.808
4940.86
4639.532
4794.16
5405.99
5386.14
5211.27
5424.195
3673.732
4345.264
6228.22
6132.57
6000.945
5919.525
6952.505
6836.3
6944.53
7274.245
7582.01
7694.945
8064.73
8404.82
8455.31
8639.88
8552.67
6692.1
3547.232
3735.324
4430.46
3553.848
4130.62
3236.272
2350.74
2475.744
3059.416
3114.024
8295.45
7752.05
7219.63
4142.7
3012.716
3665.66
4754.98
5182.67
5158.395
4959.176
4938.916
3999.108
2628.936
3052.632
3315.624
4472.904
4538.22
3906.912
3525.168
3904.212
4439.08
4824.864
5101.41
5012.955
4577.208
4396.36
3373.596
3431.576
3532.472
3469.78
3541.208
3551.916
3473.76
3534.832
3463.684
4297.904
5641.12
5689.17
6443.49
6540.03
6446.245
6295.775
6189.915
6364.51
5757.57
5798.89
5787.755
6398.495
5250.38
4751.188
4117.252
4188.488
4368.784
4403.664
4958.228
4926.768
5387.37
4609.328
4152.868
3828.0
5035.485
5517.6
5378.485
4524.74
4043.848
4003.3
5540.72
5877.855
5939.885
5153.805
5622.695
5630.445
6043.795
5989.59
5681.87
5876.74
6004.425
5894.685
5909.385
5609.705
5298.17
5304.19
5408.04
4918.996
4021.1
3627.992
2851.324
2876.36
6202.89
6574.17
6374.315
5733.56
6020.49
6981.045
7333.74
7458.65
7545.17
7767.19
6902.325
6223.22
5703.125
5502.925
5610.73
5361.31
5328.185
5362.615
5239.255
5178.455
5185.55
4953.044
4962.22
4961.196
5066.41
5512.87
4987.832
5279.17
5263.37
4380.2
3343.908
3646.324
4156.924
4075.596
4046.612
5187.23
5720.835
5759.99
5728.57
5742.87
5539.205
5998.695
4612.696
5511.9
5271.515
5739.05
6218.63
5430.29
5300.505
5296.605
6211.86
6117.755
3705.936
4315.04
5582.665
5496.33
4981.376
5252.05
5585.01
4503.144
2967.576
4275.684
4425.596
4180.692
3147.808
3324.424
3213.556
3234.572
4678.228
5829.67
5566.01
4372.416
5292.08
5416.93
5329.03
5384.725
