302.26
330.604
306.284
370.968
417.468
392.244
359.204
232.52
291.552
256.188
256.228
407.396
366.104
542.904
1051.416
1139.84
1091.736
773.528
683.648
608.604
440.828
480.468
510.548
563.192
644.624
708.244
770.512
700.464
686.244
750.6
794.708
819.1
858.936
579.076
609.216
513.44
152.404
238.552
257.044
667.764
469.944
418.588
549.564
760.216
452.004
565.616
627.264
366.964
340.924
403.848
592.82
633.028
443.76
680.448
433.532
813.788
796.96
821.508
534.864
451.848
375.944
639.552
402.588
631.112
392.844
386.352
374.952
340.584
324.064
184.848
136.948
136.268
138.28
144.128
143.584
142.404
146.284
144.152
365.584
265.908
425.508
382.412
374.136
375.24
398.564
415.372
416.004
295.248
202.188
178.5
127.852
220.168
184.112
646.476
673.116
688.172
749.748
660.724
521.416
534.42
743.688
756.632
705.908
745.616
897.248
958.648
804.328
838.46
386.084
677.54
1243.296
1236.052
1173.956
1134.336
1514.048
1467.088
1529.416
1725.1
1870.56
1783.872
1960.14
2110.752
2161.016
2293.352
2290.836
1631.004
546.86
554.496
830.124
511.836
764.052
460.472
154.552
336.0
481.896
540.144
2606.22
2271.808
1869.852
777.732
423.54
512.172
678.264
776.668
759.34
751.584
750.692
562.3
272.5
358.136
421.704
474.608
437.292
428.08
431.808
531.464
714.66
867.952
1028.852
994.576
852.876
698.268
294.74
308.216
318.724
321.12
332.38
336.824
326.14
343.328
342.632
728.592
1445.64
1407.044
1647.936
1643.844
1613.02
1545.24
1518.672
1463.284
1261.44
1277.54
1290.748
1609.084
1253.088
1036.176
859.396
833.276
595.332
552.916
798.316
663.944
873.396
654.016
454.92
355.224
866.524
1091.848
1025.28
619.236
415.524
414.18
1189.336
1130.852
1186.356
1064.996
1258.324
1244.612
1357.544
1318.328
1235.58
1337.236
1379.34
1309.844
1274.756
1352.48
1332.1
1352.96
1403.856
1025.78
583.652
452.224
340.152
377.648
1234.352
1385.416
1344.876
1285.828
1360.628
1573.692
1798.528
1846.42
1874.296
1973.252
1641.84
1526.364
1313.58
1243.224
1252.904
1094.452
1071.04
1083.112
1062.996
1076.408
1097.468
1039.336
1061.908
976.16
997.588
1175.948
967.668
1015.204
1080.988
816.596
462.8
465.536
490.924
508.868
626.772
798.06
1093.564
1119.456
1112.504
1093.24
1034.66
1293.488
793.016
1191.372
1154.072
1310.156
1505.2
1126.2
1099.8
1059.4
1338.42
1305.812
598.988
754.668
1191.64
1136.888
939.548
877.78
1069.088
759.48
357.712
672.404
640.548
611.828
438.796
503.92
477.596
475.044
878.74
1257.512
1161.092
794.008
1069.776
1075.736
980.112
989.6
